start calculate percent ...
the percent in folder 50
the percent of manhattan strategy is [0.015384615384615385, 0.023076923076923078, 0.038461538461538464, 0.11538461538461539, 0.13076923076923078, 0.13846153846153847, 0.15384615384615385, 0.16923076923076924, 0.2230769230769231, 0.3, 0.3384615384615385, 0.34615384615384615, 0.36153846153846153, 0.5, 0.6, 0.6076923076923076, 0.6846153846153846, 0.7153846153846154, 0.7615384615384615, 0.8307692307692308, 0.8461538461538461, 0.8692307692307693]
the percent of euclidean strategy is [0.03076923076923077, 0.05384615384615385, 0.06153846153846154, 0.1, 0.13076923076923078, 0.16153846153846155, 0.18461538461538463, 0.2153846153846154, 0.23846153846153847, 0.24615384615384617, 0.3, 0.36153846153846153, 0.4153846153846154, 0.46923076923076923, 0.4846153846153846, 0.49230769230769234, 0.5307692307692308, 0.6230769230769231, 0.7538461538461538, 0.7769230769230769, 0.8923076923076924, 0.9384615384615385]
the percent of cosine strategy is [0.007692307692307693, 0.015384615384615385, 0.03076923076923077, 0.06923076923076923, 0.08461538461538462, 0.2153846153846154, 0.2230769230769231, 0.23076923076923078, 0.24615384615384617, 0.26153846153846155, 0.7230769230769231, 0.7769230769230769, 0.7846153846153846, 0.7923076923076923, 0.8461538461538461, 0.9, 0.9153846153846154, 0.9307692307692308, 0.9384615384615385, 0.9538461538461539, 0.9615384615384616, 0.9769230769230769]
the percent in folder 60
the percent of manhattan strategy is [0.006134969325153374, 0.012269938650306749, 0.03067484662576687, 0.0736196319018405, 0.07975460122699386, 0.09815950920245399, 0.11042944785276074, 0.1411042944785276, 0.147239263803681, 0.18404907975460122, 0.1901840490797546, 0.2085889570552147, 0.22085889570552147, 0.25153374233128833, 0.26380368098159507, 0.26993865030674846, 0.31901840490797545, 0.3558282208588957, 0.3987730061349693, 0.588957055214724, 0.7177914110429447, 0.7975460122699386]
the percent of euclidean strategy is [0.006134969325153374, 0.018404907975460124, 0.03067484662576687, 0.06134969325153374, 0.06748466257668712, 0.11042944785276074, 0.12883435582822086, 0.15337423312883436, 0.1656441717791411, 0.2085889570552147, 0.2331288343558282, 0.25766871165644173, 0.2822085889570552, 0.34355828220858897, 0.44171779141104295, 0.5214723926380368, 0.558282208588957, 0.8159509202453987, 0.8220858895705522, 0.8282208588957055, 0.8343558282208589, 0.901840490797546]
the percent of cosine strategy is [0.006134969325153374, 0.147239263803681, 0.15950920245398773, 0.17177914110429449, 0.20245398773006135, 0.2085889570552147, 0.2883435582822086, 0.31901840490797545, 0.5214723926380368, 0.7177914110429447, 0.7852760736196319, 0.8098159509202454, 0.8159509202453987, 0.8220858895705522, 0.8404907975460123, 0.8834355828220859, 0.9141104294478528, 0.950920245398773, 0.9570552147239264, 0.9631901840490797, 0.9693251533742331, 0.9754601226993865]
the percent in folder 70
the percent of manhattan strategy is [0.004629629629629629, 0.009259259259259259, 0.023148148148148147, 0.05092592592592592, 0.05555555555555555, 0.06018518518518518, 0.0787037037037037, 0.08796296296296297, 0.09259259259259259, 0.12037037037037036, 0.14814814814814814, 0.1527777777777778, 0.1712962962962963, 0.18518518518518517, 0.20833333333333334, 0.2222222222222222, 0.26851851851851855, 0.30092592592592593, 0.3287037037037037, 0.48148148148148145, 0.5972222222222222, 0.6759259259259259]
the percent of euclidean strategy is [0.004629629629629629, 0.013888888888888888, 0.023148148148148147, 0.041666666666666664, 0.046296296296296294, 0.05555555555555555, 0.1111111111111111, 0.11574074074074074, 0.1574074074074074, 0.16203703703703703, 0.1712962962962963, 0.20833333333333334, 0.25462962962962965, 0.3888888888888889, 0.39814814814814814, 0.5462962962962963, 0.5925925925925926, 0.5972222222222222, 0.7592592592592593, 0.7638888888888888, 0.7731481481481481, 0.7777777777777778]
the percent of cosine strategy is [0.004629629629629629, 0.07407407407407407, 0.0787037037037037, 0.08796296296296297, 0.12037037037037036, 0.125, 0.18518518518518517, 0.28703703703703703, 0.5462962962962963, 0.7129629629629629, 0.7638888888888888, 0.7824074074074074, 0.7870370370370371, 0.7916666666666666, 0.8055555555555556, 0.8472222222222222, 0.9027777777777778, 0.9212962962962963, 0.9305555555555556, 0.9351851851851852, 0.9722222222222222, 0.9768518518518519]
the percent in folder 80
the percent of manhattan strategy is [0.003076923076923077, 0.006153846153846154, 0.015384615384615385, 0.033846153846153845, 0.036923076923076927, 0.04, 0.043076923076923075, 0.052307692307692305, 0.05846153846153846, 0.09846153846153846, 0.10153846153846154, 0.10461538461538461, 0.13230769230769232, 0.13538461538461538, 0.15692307692307692, 0.16615384615384615, 0.19384615384615383, 0.21846153846153846, 0.24615384615384617, 0.36615384615384616, 0.47692307692307695, 0.6153846153846154]
the percent of euclidean strategy is [0.006153846153846154, 0.012307692307692308, 0.015384615384615385, 0.033846153846153845, 0.04, 0.052307692307692305, 0.10461538461538461, 0.1076923076923077, 0.13230769230769232, 0.14153846153846153, 0.1476923076923077, 0.15076923076923077, 0.16, 0.23076923076923078, 0.31384615384615383, 0.4276923076923077, 0.48, 0.6307692307692307, 0.6584615384615384, 0.72, 0.7415384615384616, 0.76]
the percent of cosine strategy is [0.003076923076923077, 0.033846153846153845, 0.036923076923076927, 0.04, 0.06461538461538462, 0.07384615384615385, 0.1476923076923077, 0.23384615384615384, 0.6030769230769231, 0.7446153846153846, 0.7876923076923077, 0.803076923076923, 0.8061538461538461, 0.8092307692307692, 0.8184615384615385, 0.8492307692307692, 0.916923076923077, 0.9323076923076923, 0.9569230769230769, 0.96, 0.9661538461538461, 0.9784615384615385]
the percent in folder 90
the percent of manhattan strategy is [0.003076923076923077, 0.004615384615384616, 0.006153846153846154, 0.02, 0.023076923076923078, 0.03076923076923077, 0.03230769230769231, 0.03538461538461538, 0.038461538461538464, 0.06461538461538462, 0.09384615384615384, 0.12923076923076923, 0.13076923076923078, 0.14461538461538462, 0.2123076923076923, 0.28307692307692306, 0.3446153846153846, 0.38153846153846155, 0.42153846153846153, 0.44769230769230767, 0.5753846153846154, 0.7107692307692308]
the percent of euclidean strategy is [0.003076923076923077, 0.015384615384615385, 0.026153846153846153, 0.06, 0.06153846153846154, 0.11076923076923077, 0.11538461538461539, 0.12307692307692308, 0.1646153846153846, 0.19538461538461538, 0.21076923076923076, 0.3261538461538461, 0.35384615384615387, 0.37538461538461537, 0.5538461538461539, 0.5969230769230769, 0.7138461538461538, 0.8046153846153846, 0.8061538461538461, 0.8076923076923077, 0.8123076923076923, 0.8138461538461539]
the percent of cosine strategy is [0.003076923076923077, 0.006153846153846154, 0.016923076923076923, 0.02, 0.04923076923076923, 0.11538461538461539, 0.12307692307692308, 0.13076923076923078, 0.17384615384615384, 0.18923076923076923, 0.7861538461538462, 0.7923076923076923, 0.7938461538461539, 0.7953846153846154, 0.8076923076923077, 0.8246153846153846, 0.8907692307692308, 0.9461538461538461, 0.9523076923076923, 0.9584615384615385, 0.96, 0.9615384615384616]
the percent in folder 95
the percent of manhattan strategy is [0.0018779342723004694, 0.0028169014084507044, 0.004694835680751174, 0.012206572769953052, 0.016901408450704224, 0.0215962441314554, 0.022535211267605635, 0.024413145539906103, 0.03192488262910798, 0.056338028169014086, 0.08075117370892018, 0.10985915492957747, 0.1107981220657277, 0.12394366197183099, 0.17652582159624414, 0.22629107981220659, 0.27417840375586855, 0.3051643192488263, 0.3342723004694836, 0.3568075117370892, 0.47417840375586856, 0.5981220657276995]
the percent of euclidean strategy is [0.0028169014084507044, 0.020657276995305163, 0.02910798122065728, 0.038497652582159626, 0.0431924882629108, 0.06291079812206572, 0.12863849765258217, 0.14460093896713616, 0.15023474178403756, 0.1699530516431925, 0.18403755868544602, 0.24976525821596243, 0.28826291079812205, 0.3211267605633803, 0.352112676056338, 0.5061032863849765, 0.5070422535211268, 0.5615023474178403, 0.6140845070422535, 0.6685446009389672, 0.6713615023474179, 0.7211267605633803]
the percent of cosine strategy is [0.0018779342723004694, 0.003755868544600939, 0.010328638497652582, 0.013145539906103286, 0.030985915492957747, 0.14929577464788732, 0.19342723004694837, 0.2084507042253521, 0.29107981220657275, 0.30422535211267604, 0.8093896713615023, 0.8131455399061033, 0.8140845070422535, 0.8150234741784037, 0.8234741784037559, 0.847887323943662, 0.9173708920187793, 0.9605633802816902, 0.964319248826291, 0.9699530516431925, 0.9708920187793427, 0.971830985915493]
the function has completed!
manhattan_percent=[0.0018779342723004694, 0.0028169014084507044, 0.004694835680751174, 0.012206572769953052, 0.016901408450704224, 0.0215962441314554, 0.022535211267605635, 0.024413145539906103, 0.03192488262910798, 0.056338028169014086, 0.08075117370892018, 0.10985915492957747, 0.1107981220657277, 0.12394366197183099, 0.17652582159624414, 0.22629107981220659, 0.27417840375586855, 0.3051643192488263, 0.3342723004694836, 0.3568075117370892, 0.47417840375586856, 0.5981220657276995]
euclidean_percent=[0.0028169014084507044, 0.020657276995305163, 0.02910798122065728, 0.038497652582159626, 0.0431924882629108, 0.06291079812206572, 0.12863849765258217, 0.14460093896713616, 0.15023474178403756, 0.1699530516431925, 0.18403755868544602, 0.24976525821596243, 0.28826291079812205, 0.3211267605633803, 0.352112676056338, 0.5061032863849765, 0.5070422535211268, 0.5615023474178403, 0.6140845070422535, 0.6685446009389672, 0.6713615023474179, 0.7211267605633803]
cosine_percent=[0.0018779342723004694, 0.003755868544600939, 0.010328638497652582, 0.013145539906103286, 0.030985915492957747, 0.14929577464788732, 0.19342723004694837, 0.2084507042253521, 0.29107981220657275, 0.30422535211267604, 0.8093896713615023, 0.8131455399061033, 0.8140845070422535, 0.8150234741784037, 0.8234741784037559, 0.847887323943662, 0.9173708920187793, 0.9605633802816902, 0.964319248826291, 0.9699530516431925, 0.9708920187793427, 0.971830985915493]
